[gd_scene load_steps=6 format=2]

[ext_resource path="res://Character.gd" type="Script" id=1]

[sub_resource type="SphereMesh" id=1]
radius = 0.5
height = 1.0

[sub_resource type="SpatialMaterial" id=2]
albedo_color = Color( 0.439216, 0.843137, 1, 1 )

[sub_resource type="SphereShape" id=3]
radius = 0.5

[sub_resource type="PrismMesh" id=4]
size = Vector3( 0.5, 0.5, 0.1 )

[node name="Character" type="KinematicBody"]
transform = Transform( -0.998902, 0, -0.0468551, 0, 1, 0, 0.0468551, 0, -0.998902, 0, 0, 0 )
script = ExtResource( 1 )

[node name="MeshInstance" type="MeshInstance" parent="."]
transform = Transform( 0.996133, 0, -0.0878552, 0, 1, 0, 0.0878552, 0, 0.996133, 0, 0, 0 )
mesh = SubResource( 1 )
material/0 = SubResource( 2 )

[node name="CollisionShape" type="CollisionShape" parent="."]
transform = Transform( 0.975061, 0, -0.221937, 0, 1, 0, 0.221937, 0, 0.975061, 0, 0, 0 )
shape = SubResource( 3 )

[node name="MeshInstance2" type="MeshInstance" parent="."]
transform = Transform( -0.997568, -0.0696992, -3.04665e-09, 0, -4.37114e-08, 1, -0.0696992, 0.997568, 4.36051e-08, -0.0430936, 0.0854945, 0.558158 )
mesh = SubResource( 4 )
material/0 = null

[node name="Camera" type="Camera" parent="."]
transform = Transform( -0.99998, -0.00280668, 0.0056197, 0, 0.894629, 0.44681, -0.0062816, 0.446801, -0.894611, -0.0972958, 2.88646, -2.37271 )
current = true
