[gd_scene load_steps=9 format=2]

[ext_resource path="res://platform_objects/BlockLarge.tscn" type="PackedScene" id=1]
[ext_resource path="res://platform_objects/BlockCornerLarge.tscn" type="PackedScene" id=2]
[ext_resource path="res://platform_objects/BlockHexagon.tscn" type="PackedScene" id=3]
[ext_resource path="res://Character.tscn" type="PackedScene" id=4]

[sub_resource type="GDScript" id=4]

[sub_resource type="SpatialMaterial" id=1]
albedo_color = Color( 0.168627, 0.380392, 0.117647, 1 )

[sub_resource type="PlaneMesh" id=2]
material = SubResource( 1 )
size = Vector2( 10, 10 )

[sub_resource type="ConvexPolygonShape" id=3]
points = PoolVector3Array( 5, 0, 5, -5, 0, 5, 5, 0, -5, -5, 0, -5 )

[node name="Spatial" type="Spatial"]
script = SubResource( 4 )

[node name="Ground" type="StaticBody" parent="."]

[node name="MeshInstance" type="MeshInstance" parent="Ground"]
mesh = SubResource( 2 )
material/0 = null

[node name="CollisionShape" type="CollisionShape" parent="Ground"]
shape = SubResource( 3 )

[node name="CameraHub" type="Spatial" parent="."]
transform = Transform( -0.862776, 0, 0.505587, 0, 1, 0, -0.505587, 0, -0.862776, 0, 0, 0 )

[node name="Camera" type="Camera" parent="CameraHub"]
transform = Transform( 0.634084, 0.539726, -0.553745, -0.0572129, 0.746897, 0.662474, 0.771145, -0.388383, 0.504475, -3.95669, 5.72554, 3.90026 )
fov = 60.8504

[node name="DirectionalLight" type="DirectionalLight" parent="."]
transform = Transform( 0.977079, -0.132782, 0.166391, 0, 0.781628, 0.623745, -0.212878, -0.609448, 0.763712, 0, 4.23048, 4.00762 )
shadow_enabled = true

[node name="BlockLarge" parent="." instance=ExtResource( 1 )]
transform = Transform( 1, 0, 0, 0, 1, 0, 0, 0, 1, 0, 0, 1.40414 )

[node name="BlockLarge2" parent="." instance=ExtResource( 1 )]
transform = Transform( 1, 0, 0, 0, 1, 0, 0, 0, 1, 0, 0, 3.40414 )

[node name="BlockLarge3" parent="." instance=ExtResource( 1 )]
transform = Transform( 1, 0, 0, 0, 1, 0, 0, 0, 1, -4, 0, 2.40414 )

[node name="Scene Root" parent="." instance=ExtResource( 2 )]
transform = Transform( 1, 0, 0, 0, 1, 0, 0, 0, 1, 1, 0, -0.5 )

[node name="Scene Root2" parent="." instance=ExtResource( 2 )]
transform = Transform( 1, 0, 0, 0, 1, 0, 0, 0, 1, -3, 0, 0.5 )

[node name="Scene Root3" parent="." instance=ExtResource( 2 )]
transform = Transform( -4.37114e-08, 0, 1, 0, 1, 0, -1, 0, -4.37114e-08, -3, 0, 0.5 )

[node name="BlockHexagon" parent="." instance=ExtResource( 3 )]
transform = Transform( 1, 0, 0, 0, 1, 0, 0, 0, 1, -0.5, 0, -2 )

[node name="BlockHexagon2" parent="." instance=ExtResource( 3 )]
transform = Transform( 1, 0, 0, 0, 1, 0, 0, 0, 1, -2, 0, -1.5 )

[node name="Character" parent="." instance=ExtResource( 4 )]
transform = Transform( -0.999542, -0.00259815, -0.0301537, 0.00259793, 0.985266, -0.17101, 0.0301537, -0.17101, -0.984808, -3, 0.5, 4 )
